#gate	 #BASE
1		 1.31		 1.40			 1.45			 1.33			 1.21			 1.36			 1.33			 1.06			 1.21			 1.34	1.3
6		 2.31		 2.84			 2.40			 2.60			 3.48			 1.78			 2.03			 1.90			 2.72			 2.79	2.485
11		 4.56		 2.66			 3.30			 3.72			 3.65			 3.33			 2.31			 3.94			 3.02			 5.32	3.581
16		 2.64		 3.32			 4.16			 4.69			 3.25			 3.72			 2.53			 5.00			 5.66			 4.03	3.9
21		 3.07		 4.20			 7.52			 4.55			 5.89			 6.53			 3.87			 3.90			 3.19			 7.64	5.036
26		 5.94		 7.05			 6.18			 7.79			 8.24			 8.55			 4.40			 4.92			 4.68			 5.05	6.28
31		 6.83		 8.27			 8.23			 6.60			 5.23			 7.36			 4.89			 8.23			 4.96			 7.07	6.767
36		 8.62		 7.43			 7.25			 6.43			 9.26			 8.61			 16.26			 8.45			 6.68			 5.29	8.428
41		 7.40		 9.09			 9.78			 6.82			 6.95			 10.83			 8.52			 9.14			 7.37			 7.06	8.296
46		 8.02		 9.11			 10.49			 12.39			 9.48			 8.69			 7.55			 9.74			 6.08			 11.48	9.303
51		 13.06		 10.53			 7.90			 9.53			 8.74			 9.27			 15.49			 10.08			 12.42			 10.58	10.76
56		 9.49		 13.79		21.91			 8.97			 11.28			 10.75			 11.38			 12.31			 13.03			 9.39	12.23
61		 12.23		 11.56		9.15			 8.11			 9.19			 12.89			 9.97			 14.61			 16.45			 11.67	11.583
66		 13.22		 21.58		15.14			 10.03			 18.72			 11.80			 11.57			 15.18			 21.06			 9.99	14.829
71		 16.82		 14.66		15.95			 11.05			 10.17			 14.04			 14.67			 18.39			 17.68			 14.59	14.802
76		 14.05		 12.78		15.91			 20.19			 19.69			 16.91			 12.33			 11.79			 14.60			 11.87	15.012
81		 19.05		 11.01		12.26			 12.20			 19.69			 24.37			 21.99			 14.01			 14.35			 27.81	17.674
86		 17.86		 17.16		20.02			 18.46			 23.63			 11.23			 27.86			 34.53			 22.94			 12.47	20.616
91		 19.73		 17.11		18.20			 19.50			 24.39			 16.29			 16.04			 16.93			 14.14			 20.23	18.256
96		 30.42		 16.28		15.88			 16.82			 16.55			 28.48			 21.64			 32.30			 27.96			 19.54	22.587
101		 27.16		 15.85		 11.22		 37.66		 23.41		 17.04		 19.07		 17.17		 28.73		 19.26	21.657
106		 26.64		 26.68		 26.21		 20.21		 26.06		 12.63		 18.56		 23.67		 16.51		 21.65	21.882
111		 17.44		 21.51		 20.74		 28.11		 23.81		 28.43		 36.39		 29.35		 18.67		 31.96	25.641
116		 27.64		 27.78		 26.53		 27.45		 25.46		 35.07		 23.76		 26.42		 22.17		 24.08	26.636
121		 17.10		 47.07		 22.91		 28.70		 33.60		 36.26		 22.93		 22.45		 26.53		 17.64	27.519
126		 40.51		 27.29		 25.58		 22.57		 27.45		 22.16		 37.87		 25.89		 25.41		 25.49	28.022
131		 31.61		 21.11		 40.40		 32.73		 30.70		 19.13		 26.78		 34.67		 14.96		 23.18	27.527
136		 45.27		 21.96		 30.73		 32.71		 29.29		 47.48		 32.15		 21.59		 22.62		 35.97	31.977
141		 54.64		 37.34		 25.46		 28.81		 29.25		 28.73		 32.72		 40.75		 36.29		 40.24	35.423
146		 50.86		 36.56		 26.41		 27.59		 43.68		 36.75		 29.21		 51.80		 46.48		 44.72	39.406
151		 43.93		 34.76		 46.36		 28.00		 21.99		 42.55		 36.90		 40.26		 67.51		 53.68	41.594
156		 28.40		 36.61		 34.69		 45.80		 35.85		 46.72		 53.97		 59.07		 23.82		 32.41	39.734
161		 63.51		 43.96		 53.02		 45.52		 31.23		 56.96		 30.56		 28.19		 48.29		 32.86	43.41
166		 44.36		 29.82		 37.16		 88.24		 48.21		 51.42		 32.16		 34.59		 34.99		 37.29	43.824
171		 31.47		 30.24		 32.65		 61.61		 56.20		 50.40		 28.32		 53.44		 45.34		 55.56	44.523
176		 41.65		 55.57		 49.79		 41.94		 48.89		 48.72		 28.34		 35.99		 34.80		 39.24	42.493
181		 45.94		 50.35		 46.31		 26.70		 46.34		 47.68		 47.32		 54.38		 52.39		 57.88	47.529
186		 52.73		 61.70		 47.24		 64.44		 61.91		 48.78		 57.96		 68.30		 49.22		 55.28	56.756
191		 47.13		 57.19		 75.63		 79.66		 57.85		 38.63		 42.55		 52.82		 49.11		 51.87	55.244
196		 52.53		 55.30		 55.22		 39.04		 64.70		 51.96		 43.51		 53.83		 51.74		 61.89	52.972
201		 55.86		 59.22		 65.17		 49.03		 56.03		 87.32		 57.48		 54.35		 81.88		 64.12	63.046
